007007;0.07017545474639952;1.170337983751809;1.1424600144105583;0.2276073843936961;1.0766622493235596
0-16060;0.15519574016956894;0.9929217247053741;-100.0;0.5920974607116627;1.0029217335319487
0-101107;1.2673787156079863;0.7145365436974604;-100.0;0.8389454978389348;0.8689950904499859
0-16066;0.7472775286954205;0.36191584498993556;-100.0;1.0008046057029127;1.0011152066023543
010770;0.04387307074469904;0.03964368524961537;0.26814275263864884;0.4301237692505864;1.0073058057108202
0101710;1.436051494286658;1.1766832544626853;1.062922027402654;1.428033258662358;0.3741934434990306
0-10190;1.530219372138233;1.5556412848727499;-100.0;1.1655552585968745;0.5211632959952346
0-10070;1.0057978519378772;0.20194426728348658;-100.0;1.0047464054857795;0.25873311149327716
006160;0.9333378343199429;0.7187947018802523;0.2379689999221497;0.5997288939915917;0.1905246976548618
710077;0.7630168478902333;0.43672998440672517;1.2491175538376755;0.7949184782127603;1.1110049776491862
000060;1.0298276911729651;0.9200864936696382;1.029099167616007;0.07723437342700001;0.5787073134162306
010777;0.7989082276379778;0.3383181838529876;1.3613335997236573;0.8886129608062041;1.3983311997196655
600660;0.7067853027170017;0.1082121635293436;0.9992009275647051;0.9214632078222509;0.9658965038365158
006166;0.7911325589279039;0.9924050261911636;0.9038471689344016;0.6467856846530329;0.9904365957696257
6160106;0.9784766223628898;1.289624261468638;1.514012022967308;1.4021202890449351;1.1992753676167789
0-110070;0.3996873774472012;0.4780852154837367;-100.0;0.9599038360474893;0.46736491206428843
6-101000;0.749083512214905;0.15613463759461;-100.0;0.11103225339809941;0.2210814003301596
010090;0.4047605427470413;1.1046199313546246;0.9999872280587228;1.1379231486636896;0.2701432963295969
6-101006;-0.11231326463560642;-0.10476304838710482;-100.0;-0.0803253444668407;-0.0433265144089007
019100;0.9414683989763084;1.0935915596335248;1.097966227886847;0.2493782862235321;0.7893360168528667
0-19100;1.0030563593076807;0.8221061210857548;-100.0;0.9674393623931921;0.5143649809113437
0-10060;0.4107114053925358;0.600538848726149;-100.0;0.9998134018648832;0.4338196149225544
0-101000;0.9456602696597209;0.9575360776353607;-100.0;0.9593942234321027;0.9540615531545834
700700;0.8246076104175886;1.0495640983859411;0.14269724540364104;0.7056841919438868;0.8258888454443376
7-17007;0.8965968215755249;0.9999960960368744;-100.0;0.32447287259615076;0.9550015168271888
0000107;0.3573530946596415;0.9559453205972768;1.1315288400609633;0.8903616842141724;0.8390345329669506
6-10060;-0.933134391225509;-0.9220757810753862;-100.0;-0.9227917645790842;-0.9258092303845049
7-17000;0.08698606669589637;0.13704944897831695;-100.0;0.10936083961696652;0.22810642124053554
000170;0.2538827150213381;0.8096839070942357;1.119126875766141;0.8497604820078375;0.9076184873707338
6-10066;-0.9234862581292707;-0.9246640395050865;-100.0;-0.9302677724591988;-0.9376031519685074
7101000;0.3413721146662083;1.147155280430373;1.5444000873920187;0.16654409536574377;0.6453745556599535
0000100;1.012067598637938;0.6752924549670467;1.00368213901754;0.987453818787628;0.7748111128984467
007000;0.43901659024970696;0.7334719154810749;0.3667998851216694;0.9101839597144397;1.0446678535205618
6000100;1.0145136833467059;0.7250537821899694;0.7482397289590923;1.3573069415253383;1.0503058559281908
0-10770;1.0032596214163492;0.7536566836123164;-100.0;0.10445254647586832;1.0029887403065296
616666;0.7681796032298372;0.4588517978124554;0.5122900204696791;0.4619885330090683;0.3040765657813301
0-101007;0.6698905616671809;1.1776644517639838;-100.0;1.1625773303717268;1.131083771678233
7171000;0.5743392571584569;0.5912805839098914;0.8235819712282175;0.6909315626069678;0.6809108263921981
016660;0.6351868813822201;0.49081656394158135;0.6218098973083637;0.19750686536774764;1.0009185370618383
0-16166;1.0007598328116296;0.9372640704227363;-100.0;0.18785726703679795;0.21774024119936675
6101006;0.029652830139068165;0.5618263179130937;0.9491706446054264;0.8131902989217288;0.6341487260141845
0-101010;1.12777798513961;0.48626306719642454;-100.0;0.00304282361298136;0.946183432972985
0-10090;0.10276789619828097;1.531949411762659;-100.0;0.5388098431077128;0.5608740108580861
710770;1.5087010507670553;0.9009210535412899;1.452993854329573;1.1285255959100655;1.5147613827335789
6101000;0.49483557434475167;0.8066365837911891;0.9999454595214197;0.9811150115497369;0.8670007621531477
006606;1.4006946621646674;1.0840851353208851;1.598815563691061;0.1048864340404203;1.584614175492119
6-101100;0.7276407480790513;0.5156843115018402;-100.0;0.6597051622906349;0.37504300705054217
900000;0.14254600698638886;1.5740158070390688;1.6140404771897803;0.15127126450920403;0.8672312129794908
090100;0.8182930851290477;0.5036765522103681;0.411261616882463;0.844072539837978;1.0052940430446529
707000;1.6082056286623632;0.11155211904114282;1.5483089113539112;0.6343711753349608;0.9614726791950936
6-101106;0.8006750434617633;0.1499771991261829;-100.0;0.6222925250183096;0.44269401177718287
019000;1.004437360680163;0.6013791372716073;1.0053364850367525;1.0042791228055916;0.08546254635045458
0-17700;0.9793633707929795;0.19631287990507573;-100.0;0.9998012353783234;0.25389618673099945
010666;0.8260075741956479;0.7772331458064778;0.5421850956864993;1.426766301542072;1.4538407439141097
000070;0.1745116469922312;0.8785254735163863;1.2632708846556462;1.1232068593429645;0.9054733415018756
000190;1.0103268010509037;1.0279667850900058;0.9680637707393851;0.912416806959514;1.065016278400076
710700;0.7565239922374972;0.780717792581842;1.000140284949024;0.6235478729173736;0.7320562233946378
016160;1.0015115958592777;0.6790260592356729;1.001536480461318;0.9464335854693173;0.9166729514047534
7110700;1.924259669882776;1.5524011514399736;0.1328323749129905;1.399633093994186;0.32541636695540754
016166;0.056137682887937856;0.0178711286992419;0.5283423041389272;0.9848568138759106;1.0012523798064745
010060;0.21010489876156457;0.6256624486213274;0.23622865214601974;1.0139072924565466;1.007550694493874
700100;0.7455895617966293;0.4445699074751608;1.0572910395739734;0.6773102336103423;0.5725189875444796
717100;1.7818395753964114;1.7443669253561365;0.7076930399520298;0.803480219570164;1.0732883400902535
010177;0.12908714897417872;0.32137565313312827;0.3270043742408282;0.15983072848322655;0.23124266554086303
600060;0.14402000550862848;0.05819740219705816;0.1175093198649837;0.11638962825267402;0.16495223499117206
017007;1.303132650567811;1.255396846807741;0.7201460759914429;0.05166835553242155;1.2932523243291842
610660;0.545726209764841;0.6361643009015314;0.9994808093013104;0.6339307415325213;0.4836499131485752
7100100;0.8285045282858075;0.37516315230456;0.1614904030791029;0.4430421164037279;0.09816916688280064
600066;0.9590357511635582;0.9349604686279536;0.54748107832798;0.7273414866954777;0.8945256613704551
690166;0.3042723368300011;1.0255638598759642;0.2244872542090275;1.098416155062825;0.34446229212908697
0-10707;0.686157299620582;0.27811660895734525;-100.0;1.0074339854821657;0.6154133033119629
006000;0.6405763496893488;0.5164078063130806;1.6567375521270382;0.9798963810292904;1.773892384849598
717107;0.07657189957658161;0.8674389755616683;0.037639735747720726;0.044216235106721014;1.4216766560021799
600600;0.5502213248206436;0.26496332323816074;0.08512868062376011;0.2686043836269968;0.2958150337879554
7000100;1.133067383500337;0.8584595406288253;0.050004904822432916;0.22433906646897506;0.5461543825220494
000000;0.9939806883223705;1.0015069280542903;1.0006968882401153;0.6955748888557578;0.9389464560957383
000007;0.5747295998563045;0.12768996914498176;1.3130237171425942;1.2784351145039596;0.30497814556898994
000006;0.8709613980597684;1.481414789082296;0.2863597727901368;1.4269443203909324;0.039491702108279014
0-10700;0.7812114968047137;0.7873524398005518;-100.0;1.0038383175248944;0.6045720906891774
900100;0.30425216834063407;0.059175243588333926;0.8426307313565597;1.0410097185406926;0.536355614481351
0-101710;0.3412798242192059;0.8808665402585314;-100.0;0.7143090720139608;0.10081096606429174
000009;0.52631174129777;0.8981902497450716;1.2303717554262286;0.0901117322988143;1.1951090416616594
010170;1.0033208180687077;1.001303035014467;0.9970947573261717;0.5714892965802152;0.625309895787483
090000;1.1478456849048724;0.20505170546507645;0.818782534783389;1.1702151810531598;0.01792512745453889
0101000;0.03507048733632323;0.7707788932479838;0.6906909130681154;0.22575620723083056;1.023930433020944
017000;0.6319220437125971;1.0109144143860476;0.45160836192159204;0.39699256060194243;0.5933817794479641
0010100;0.6374959541860743;1.5025284717436185;0.19920134222343044;0.5081896360706566;1.496011868777238
7171007;0.8982900276232649;0.44156101833840955;0.5448212641703203;0.10164634447265675;1.0655823340506394
7-10770;1.0008425463332176;0.9053017397261439;-100.0;0.4238141702238749;0.9642169277088404
0-17007;0.3518521260820997;1.0005758870132264;-100.0;0.9692685558838556;0.23224088360039863
010600;0.6949736711027124;0.6697395998576108;1.002935270229183;0.1529939690694353;1.0019238524559893
0101007;0.472021656542442;0.8815580564654156;1.1813244753775094;0.8025338642298006;1.1262240428294177
6-10660;1.000362904893596;0.7030115142232534;-100.0;0.5584682741131348;0.5849780859159235
010606;1.5604132768996049;0.834810829028023;1.4706692915698687;1.5028900402218544;0.986186582568316
016060;0.6215192086929173;1.0028228172330798;0.24956625161338208;1.0023550410886257;0.8597035200357221
6-101010;0.29375403025910907;1.2913873140142196;-100.0;1.4152700911190448;1.675185540347967
007107;1.32134713619838;0.7662685707683676;1.2902952275484418;0.5382811581883225;0.8150044301718884
700000;0.28697305965544995;0.4923319946333849;0.775636728690212;0.45972596739889254;0.41604288245580395
0101010;1.7563629800323457;1.2658084063138078;1.0217849425010979;1.6768930371726587;1.674035902853287
016066;0.6909043155612262;1.0047277540404325;1.0047988068959335;0.8995098340110574;1.0054039877602934
0-10170;1.0016547890184995;0.9081310814527316;-100.0;0.36487554319661597;0.8588903426826938
910100;1.5151143092225867;1.4969556735751774;0.6924024727497338;1.4514434507310148;0.856457673754139
0-16006;0.3341650021820628;0.9061869154958433;-100.0;1.1526954857199367;0.05385575573454804
717000;0.7573964658834211;0.050934332061153276;1.1640181656078716;1.0165211269565848;1.1039989656518854
600160;1.5504166156681365;1.735837341161883;1.7113668126198955;1.5807458533821646;1.0339892303582503
710177;0.8444625233125669;0.8569276391761045;0.8574591429673422;0.7978280411906873;0.5106305511777383
000160;0.6178832616176131;0.842367287413164;1.0730203012303288;0.8455641013247408;0.6827077827142265
600166;0.0965744606747383;0.1309361287917964;0.5568509481422638;0.13383647494509276;0.19789217489599265
717007;1.6986319311911269;0.6710640692072356;1.664789942903401;0.7461728085858224;0.3544961195342935
017707;0.7128599674724956;0.17336980670546653;0.9461231495574649;0.22065778096145938;0.041955922474415486
-1-1-1-1-1-1;0.0;0.0;0.0;0.0;0.0
0-10600;1.0156003978164498;0.2209856572613571;-100.0;1.0175680779817158;1.019095815978492
000700;1.081496623631611;0.8453231261404748;0.9312209798063547;0.04941549788430044;1.0491399633635023
010190;1.1137443368855913;0.26050178712963956;1.3289198659379717;0.6109970975894454;1.3097383059959082
010070;1.0034247541113732;0.12231024715774841;1.0035311762658632;1.0033373301940212;0.052979084923712394
0-17100;1.0002913541912573;1.0064000972159588;-100.0;0.7279954723846302;0.24347094961470517
0-10160;0.9830457716725488;0.4069479673980564;-100.0;0.6564493148928127;0.3953464078146682
016606;1.4146811163863033;0.2294413112310445;1.4619934775243038;1.4500583315459314;1.4514812630161724
6100106;0.7456431512112958;1.0052403465332183;0.6812335294477248;0.9402209327178362;0.9983160256692691
0-17107;0.33319840933302824;1.0135387789796944;-100.0;0.3153586114153899;1.01289476021365
007100;1.0703124685153578;1.0709569259069947;0.2745874186337418;0.8403599458217512;1.0498374320998654
6161006;0.8742177972248759;0.6793330830644513;0.8241068749993279;0.7575064373112028;0.20593411341436219
6100100;1.0547493107743173;0.2444618885812213;0.21896478535238062;0.8065733329495797;1.0582748451340387
6-10106;0.28472093019738254;1.0009359672388973;-100.0;0.7234042441256532;0.5406396522057448
6-110100;1.7111729863451337;1.6752392777024057;-100.0;1.2491498831073942;1.2401343308410802
616166;0.40419577844116517;0.5816989764571181;0.42262906599684547;0.5047392225021303;0.4276967838458517
0-110100;0.7848719572502656;1.096596121347833;-100.0;0.032141046713737964;0.4867913862167035
7001100;1.0811700184582156;1.1050320672719751;0.9776738747708342;0.8853058212192886;0.6864710076855136
016000;1.1132769251067167;0.7459334446294512;1.2563097354546275;0.869938777068848;1.217158487792251
0100100;0.9723493620015785;0.052455965442687935;1.002054835177417;0.14459345791319844;0.23539183174324396
0100107;1.3183633908592622;0.12943040690111118;1.268198094279132;1.1980319992238022;1.2835904154778182
910000;1.2110604149591733;0.8663401031305775;1.2504807220757155;0.7755844516530146;0.2683111993497149
610066;1.0065812144409578;0.6173223590072969;1.0124165728489882;0.9021571255240184;0.5975796073742201
610060;0.10204183334707206;0.979411641088082;0.48357488886382205;0.1293202827748443;0.7075915501916421
007770;0.0028882360882958036;1.0124627787144012;1.2595962266552778;0.29052974653899843;1.4069973554289048
600006;0.6928951248805215;0.9636003906405031;0.28682040705273737;0.9267103193342359;0.2568735089981655
6001000;0.7025704473462631;0.1746015760790316;1.335351791966557;0.9692412947048596;0.8141911647161832
0-10107;0.2070413254979231;0.718300717503151;-100.0;0.6932441561288925;1.012141922417488
0-10900;1.2052105322746474;1.3379620931738012;-100.0;0.9134189980587644;1.1231646445699617
0-10106;1.0054098631213608;0.12129348543789131;-100.0;1.0052795557227325;0.83089083057025
0-10100;0.9857016271532173;0.998151944180551;-100.0;1.0019087493947545;0.9537272582557972
610600;0.4080380852397497;0.3964767552008338;1.0001091508071984;0.42186240979878276;0.4711107223661441
6001006;1.5412366288182673;0.16707129506088791;0.17205064129403635;0.523823641915828;1.035691788829858
010000;0.630634499401024;0.47350326976971546;0.99972045563705;0.9317006846048994;0.9721271910233993
609066;1.8051884834915677;0.8838038153248464;1.1389841791430697;1.5060485902314382;1.378994610754786
010006;0.9207894147337525;0.8388185959327712;1.0112761509563404;0.30374200808193774;1.0061427650916694
7-171107;0.28404867322883504;0.17818771641916603;-100.0;0.14292955461279427;0.07379195760534052
710100;0.7693250073321782;0.20816663149852022;1.0151837278712301;0.7701038657063586;0.49604562411539166
010007;0.9530482987795041;0.34747347477272483;1.162630982373173;1.15827936392271;0.3298316506100081
010009;0.33612771525972507;0.8395130270443014;0.5951587449120441;1.010692761772175;1.0036414446974729
0001000;1.0099867820441977;0.6101364421836983;0.09810816793946442;1.0220791537011054;1.009845502177789
710007;0.7045894477251884;1.0000554830130526;0.9994133642292089;0.879361048471323;0.7431759784299152
6-10006;0.8520740095839894;1.0005650901021634;-100.0;0.6664598171598068;0.16544429682984751
0-110000;0.2851252877351831;1.1408472757338324;-100.0;0.6172177439395621;0.5692254881600209
7001000;0.5094094109175853;1.181948672475666;0.903727963037197;0.059375656938308374;0.9231199325339371
010160;1.0429317111575116;0.9880863036197467;0.8780575346451964;0.9680707775628294;1.0304891517275803
7-171000;-0.8158675072846788;-0.8227285575755062;-100.0;-0.8208115247480722;-0.8367343448985722
610166;1.0062183367697999;0.05622185316775008;0.0921142252215188;0.7461755139983812;0.2137945112141968
7-10100;0.6290724629358104;0.6231348078680603;-100.0;0.3814109248501712;0.432256631055665
0-17777;0.40542933067799325;0.8103571759519215;-100.0;0.5229795237511556;0.9999148263896954
017107;0.5849286863128424;1.2291658987366054;1.1986121024970573;0.12475699175882204;1.195990743672122
610160;0.5259994954077868;0.2677898322125371;0.5316091964934289;0.47014604120664366;0.3072889511434415
0001007;1.2381128387413571;1.171402700133146;0.9915083372696738;1.2418180674058386;1.2537866369124009
600106;0.46288301952209787;0.22712610010244672;0.9056002733070895;0.22475457290673773;0.4153807795343538
000100;0.9967886198679727;1.0027833857473338;1.0031632010638376;0.30275946615556193;0.2427040706041561
0-10009;0.3840607160907423;1.008817196216636;-100.0;0.4228149458824886;0.2610190888996926
000106;0.6200344063805723;1.0373678255318293;1.0409111013011372;0.2782888189643442;1.0382467037855219
0-10006;0.668120066406586;1.0021589588526172;-100.0;1.0014198950399313;1.0015023799248608
0-10007;0.8216836921349004;0.36575697249950845;-100.0;1.093199796435461;1.0930576722784402
000109;0.9273316302066319;0.8507766353512947;1.5119085959629217;0.7987428253489333;1.5997486534067489
0-10000;0.9320331437108129;0.38995211469541036;-100.0;0.9967135281254687;0.9437413744463095
000900;1.1521025751465088;0.5625295693244123;1.1574650149261636;1.175087142015922;0.7109788300194624
7-10107;0.3209767559507084;1.0000154409991535;-100.0;0.9351812785492963;0.8100371711648113
000107;1.2138416570219126;1.2423365221667277;0.8441828909810318;0.299635372293082;1.042164129095069
017100;0.49935798598128445;0.8608090486516089;1.0418975714754317;0.5803163060376493;1.0403218002117693
010700;0.5387616733494376;0.2784374758929178;1.0041246550848495;0.05671751967686345;1.0045206807219011
710000;0.5456306277033649;0.9432297664788748;0.49919845024594767;0.5630784348411431;0.45319961373036
0110170;0.0021720411555845587;0.5680991416060368;0.7391517251615101;0.4104284918699197;1.1016999802007537
010707;0.23051794662944336;0.4908277235384977;0.14741224714773948;0.311617034512796;1.1012387849377159
0110100;0.7721903785341364;1.0879366247881603;0.7994725239412745;0.29903284556713405;0.6922454113176078
000770;1.0557397874665588;0.9657702115198648;1.0533860256716197;0.13546576479253236;0.12087114509119012
000777;1.63185484939646;0.31124036275528;0.3688696364132933;0.4359219828259535;0.4478132441918674
6-100100;0.37646601488885767;0.43789011897703944;-100.0;1.2137059922948534;1.239951456647565
616006;0.8601545441636791;1.049789057666517;1.0631845648173641;0.757096181184682;0.39399227771660694
6-100106;0.6711274694673703;0.6334827621634423;-100.0;0.5823408942114872;0.6932945531071095
7-10000;1.1291006791455573;0.7216181123945988;-100.0;1.1817717226614706;1.522818771288604
0-100100;0.03750869086692554;0.7143344471904267;-100.0;1.0070631964638286;0.27820482197605734
007170;0.9888561316567595;0.813737405994734;0.6657637105579541;0.74069158384081;0.3271444206225853
0001107;0.5599648452520156;0.468991858376557;0.34127180972475957;0.2640643684036558;0.2643826596891248
7071007;0.8389558374020927;1.3450896712740494;1.277347064469845;0.34811805636156956;1.0167615399625658
7107010;0.9086609817354856;1.352269562394861;0.3134354499719596;0.9837934412048235;0.4205982889382025
619066;0.2632994584533368;1.3917205771857217;0.13295188934784385;0.40087594635797386;1.606158267301285
0-10666;1.0903328059164805;0.789569828707797;-100.0;0.9813554994605016;1.0928429553796297
0-10660;1.0065857873347708;0.19792708240042112;-100.0;0.9693681187374605;1.0030237000932147
7-10007;0.03309219908854466;0.9712503545108869;-100.0;0.611667590431485;0.7635356615047121
0-100107;0.0034583162409460577;0.2131655198322029;-100.0;1.4272537867407729;1.4422634815817608
610006;0.4837463514055753;1.0111819527481036;1.0176938573805612;0.543598343251076;0.003388927756468707
6101610;1.88593086535303;1.5415691600636128;1.856211687556739;1.3509221821108173;0.39268360267172087
717177;0.9041049424565997;0.7398505832607645;1.000034618751412;0.10259479442753694;0.6767362380724404
000090;1.1660438804556956;1.2557876542497164;1.3147536430517044;0.12920380607151327;1.141265799541801
009100;1.315408077779404;0.9478494619558862;1.5158699346853297;0.1951919778607374;1.464805151314535
9-10000;0.5298157983678975;1.5009573018494802;-100.0;1.1580626885652987;0.5258209377768803
616106;0.7025230201054394;0.9806884274612195;1.003612633878063;0.5960251974807298;0.8728933793120172
7-170107;-0.05329305847581839;-0.08714137431844216;-100.0;-0.006263414664919642;0.1322581319395893
7170107;1.2100593587280866;1.4991689932874572;0.795832225399723;1.2768222838781875;1.431190811860016
006660;0.5318201869642987;0.7872676525322505;1.0005466064114685;0.4324827781934575;0.3290267071951556
0-110170;0.8102133662221949;0.9720859731742204;-100.0;1.1894805404467759;0.050603973230030075
7071100;0.13915322770062333;0.6615221421932513;0.7962623911142201;0.7062930124153384;0.440324759787883
0-19000;0.5776895169225715;0.9284620571467566;-100.0;0.7211393832335453;1.0109625457771145
7110770;0.6257307528784033;0.3797814147257623;1.3869921867753678;0.35943040142308824;1.4452417097871284
7-10700;0.20241137607337945;0.30544523423296827;-100.0;0.29925614158829267;0.16833029215867162
610106;1.0130516281380149;0.475960420187477;0.45039482806258047;0.843373338852662;0.06696190070190822
700770;0.05895680658115365;0.8811709279477218;0.9992205725623197;0.2550138980005652;0.4743690085262524
7170100;0.1336150921667596;0.3441449934277243;0.6186509409200045;0.17392688417217284;0.19791828571537162
009000;1.0060784708295099;1.0060776566295868;0.23922965424328102;1.0200721869304465;0.5635111597327664
7-17107;0.4754675890580369;1.4155446932273141;-100.0;0.9573334527073047;0.88358048605873
010100;0.8264856900758459;0.5734526093323895;1.0008063369233478;0.9280467788326348;0.9720739493709185
0-101100;1.1444957451529687;0.718204077276771;-100.0;1.0540201909320812;0.8634541396660156
6-10160;0.055195758660763414;0.05265160451566168;-100.0;-0.1422890406808601;0.04743803583031997
010107;1.124337687405535;1.1268476383097692;0.9744607748741305;1.139768603517286;1.1276943532567707
6-10166;0.4686776504351028;0.18757278333695043;-100.0;0.2819159367692739;0.22590102923794286
7-17100;0.4365052840114718;0.9999683970859439;-100.0;0.3351810532483597;0.5584809703629483
010106;1.1495796906899294;1.1449642102451598;1.1371469379868795;0.020137410302088377;0.4569990819779355
010109;1.0033600547299517;1.0907045062265077;0.9001368721777969;1.476683797361363;1.548733350212136
009006;1.4150075583103732;0.38226001426693657;1.365470259335582;1.5468049680244687;1.6339498734796705
010900;0.9136531768068086;0.45797276471719384;1.7261207889991705;0.7670429082374062;0.3349093164619028
