701-1;-0.9342662425666083;-0.9343528491724606;-0.9355616751448442
660-1;-0.15436903466461252;0.049454756102377546;-0.19620698011078733
71003;-0.9646964269333246;-0.9629260757900742;-0.7348971054510045
01013;0.17106864215699855;0.27177836963630847;0.17444321260475928
077-1;0.30907390380329713;0.4172666097221501;0.4286429741740883
0093;0.32610828964644617;0.20197428821731747;0.20800426290596158
01093;0.07282911369440428;0.16769295863897152;0.1675054015217019
0002;0.2250072862525597;0.2503016653465951;0.4834774918176806
0003;0.1909791581625806;0.2246286500137303;0.198907056567808
0001;0.19324967805042897;0.260975509987902;0.24384331543676657
7712;0.39389388395654024;0.3010766787954724;0.22375061263836366
0106-1;-0.263312031172532;-0.9838132452096388;0.38181258077398955
7713;0.0053036902926297536;0.3166032265886537;0.05418533069831529
7710-1;0.30218405856973574;0.292928639511799;0.19326827586294382
6902;0.12404605689137141;0.12471123682380315;0.12360132597619174
6001;0.24690334345352163;0.05712692189764008;-0.08522775526356491
6003;-0.005030718319158457;0.22727528903439445;-0.12133693062710445
6002;0.03247324399553567;-0.03820847385742712;-0.05700624230184855
71013;-0.7406513820760187;-0.741454295325729;-0.7632825043162893
01003;-0.45146531829793624;0.20799880172312413;0.16944371788797455
066-1;-0.9964326446503486;-0.9999586195129292;0.1950565857108046
-1-10-1;0.21053544260088403;0.15569668223912864;0.31281795679269764
001-1;0.2524462911143339;0.29143968954667954;0.21759136154342562
6100-1;-0.8063581748447032;0.13787153481534958;-0.08361186428271676
10-113;-0.9999999448722087;0.31615063767647755;-0.9999997114822251
77102;0.14570834065375582;0.056442508907780325;0.15484463160482054
0013;0.2356960587343087;0.25619241592953956;0.23541614815613784
0772;-0.5556666757065417;-0.6838015924843687;0.3461265451795826
0773;-0.9097355409850633;-0.9680644070576863;0.36689497890457257
0011;0.23318903041631148;0.20336105669070148;0.2231559332542722
0012;0.4218675973886222;0.1962833162703877;0.20739539603243728
0771;-0.5878955842390253;-0.7884307313038086;0.277014889291021
10-11-1;-0.9999685585341801;0.33420352076275295;-0.9999998787392915
6912;0.035440388052359134;0.00270190334701484;0.002996985792060744
9001;0.23933488113907275;0.6977367967710324;0.6367773413650588
6012;-0.16497019840868993;-0.32211190112009397;-0.31961150401840205
90101;0.3093699026761677;0.25302497241152316;0.1678072437771063
6011;-0.09905034643344995;0.41468424243411905;0.1445195807174836
6013;-0.14899978042208678;0.2297203626268112;0.09894733732340624
700-1;-0.1358641539768873;-0.4649508978952755;-0.28594455026980486
00101;0.0981761836667627;-0.06393052051028518;0.28303708468666633
00102;0.21413367311870787;-0.2688438226931623;0.2861300216785328
6093;0.406250737369581;0.23874007616518927;0.21126467862507986
6101-1;-0.33146704971044916;-0.3308968858972511;-0.3037684167749761
0662;-0.22117383925547643;-0.23344396232483317;0.2030497173532672
0663;-0.6863682209369045;-0.5094162767720014;0.21792178648896637
0101-1;0.16738340051174105;0.19884113578273904;0.1684199766580579
6010-1;0.09965986693621592;-0.6822944528535038;-0.6213489884670892
0703;-0.9927852954089872;0.31191149468476514;0.4679408464864209
0701;0.023031030061651525;0.2848899604809764;0.1851408876615173
0702;-0.23376428278078948;0.3295618827039222;0.3313011467224393
7107-1;9.67630713734624E-5;0.4663734359413057;0.23768154778472933
70102;0.05475099072429518;-0.03783816812256988;-0.07789950774320943
7073;-0.4773472146981673;-0.4793818220068209;-0.47683979881834576
9011;0.6338528890717049;0.2300723022643932;0.6894367605618622
7072;-0.07460321866779443;-0.17041890294036377;-0.18007348291693315
000-1;0.22372932691389374;0.4339695997686368;0.24439586955819603
606-1;0.5247951182690225;-0.19386901547211494;-0.07628709512862977
0711;0.33957284489098366;0.2946794265324422;0.1278750331340486
061-1;0.22766358733928205;0.1710737165804664;0.16867433607479496
-1-17-1;0.16102284648574305;0.2563147356515618;0.25772769172884064
0712;0.17647005770570656;0.290535937892351;0.24701940022830104
0713;0.29325713943766535;0.25628432062429085;0.25516521127685843
7002;0.3478144240602834;-0.27471645156608987;-0.2373042336796296
7001;-0.45884821968990946;0.19277229833443482;-0.40648716738236623
7003;-0.6154482766080001;-0.690090715892396;-0.7072099982006825
0710-1;0.03144545254766358;0.07337331836428532;0.2899397312645242
071-1;0.30087846078677605;0.13959978694832773;0.16505705888565408
06102;-0.5940770085633679;-0.24099524601084552;0.2486336718619142
0601;-0.9528784191801949;0.3378684065470856;0.2688736102139993
06101;-0.028935224029506833;0.2294902666384376;0.23329463662175326
0100-1;-0.3445365283774253;0.1674200010629057;0.1674254056674015
601-1;-0.25424840716743946;0.31445697195020267;-0.25155274423307394
771-1;-0.8346749008565291;-0.834209681124891;-0.8346786372377676
61003;-0.4950760130129097;-0.061292239973777966;-0.34215003303309893
7101-1;-0.15689010705275025;0.07025963579894916;-0.3536356548500167
0602;-0.625950654576464;0.09878698157603596;0.1963011376508413
0603;-0.9987213655973832;0.0551122030127008;0.3291774001910801
007-1;-0.10473513997006473;-0.9716946528899018;0.26969424082832694
7011;-0.5300757088867529;0.41184652362301294;-0.2990870154486982
7013;-0.9030597300702478;-0.9525204550176408;-0.952667732944615
7012;-0.2794986394872041;-0.17589451786531596;-0.28339287554871684
0010-1;0.20430192573918132;-0.41809442545940745;0.18062328498258393
-1-1-1-1;0.0;0.0;0.0
0062;0.266384333829714;-0.4175577902768599;0.20494117564657927
0063;0.2167967367885193;-0.9971969971590291;0.2928782991593136
0061;-0.27253820423413083;-0.9063734300498054;0.25689172062693133
0611;0.3951791901361956;0.3147616371315174;0.3230331951332562
0612;0.21160430026777907;-0.15684825680444417;0.09726404537885591
060-1;-0.9999476154834249;-0.015113920969727244;0.19502488968226805
-1-16-1;0.4382270030487679;0.06774391395164342;0.219032635857434
61013;-0.2863299859412196;0.1942628127048941;-0.19506798539212838
0613;0.28174626149006304;0.14349284741631807;0.2212843802022539
707-1;-0.3453092182649165;-0.7304014593747803;-0.7168373039656613
661-1;0.08889396906840588;0.23450471847337104;0.15671171293946207
7010-1;0.3698451711077553;-0.7587064684402465;-0.47434242419538986
0073;0.28752356254836553;-0.9840499724235328;0.19289699148654607
0071;0.3038577669273695;-0.9303662335843904;0.22992029871207464
0072;0.29348212997990486;-0.018640944040934304;0.4138828857851005
01073;0.38087688537138775;0.3098218620594899;0.09360549838030113
070-1;-0.9967448165605705;0.27612477834003674;0.3443550987569677
770-1;-0.4909919821377706;-0.47712683244908166;-0.48216566406576866
600-1;-0.09433535266826833;0.25333115173071186;-0.09084641592509007
6603;0.22050436466635953;0.2929468489902898;0.28802203493944295
0902;0.22607281740657964;0.3270292932767517;0.22835044748983338
0107-1;-0.1731260149778808;-0.5005103756942603;0.1873090823673611
7100-1;-0.21668566384597343;-0.014362714738830015;-0.1337284655726419
006-1;0.27849168753414355;-0.9964477364646218;0.19878829193709066
71073;-0.4815497009235518;-0.43895812039153337;-0.33005304051215145
6063;0.1687849733138358;0.021944836141730872;-0.0025941068432964176
6062;0.2040377285986409;0.07210314184944447;0.10826247010279624
0610-1;-0.27344617743626853;0.15167387312246733;0.2219958117457996
09102;0.2305202959657477;-0.10208562300497234;0.37010585374725463
60102;-0.15158239889620415;-0.2450853429835651;-0.19089253174176166
01063;-0.3057275469734237;-0.9917946124980055;0.3834047161842062
7703;-0.5288493802437518;-0.3584346466209619;-0.3672558793394354
6613;0.3353776376786589;0.3379820311757506;0.337672571033686
0912;0.26806889951578566;0.22616079314108342;0.22651590290485032
